----------------Primer movimiento-----------------
[1, 0, 2, 2, 2, 2, 2, 2]
[1, 0, 0, 0, 0, 0, 0, 2]
[1, 0, 0, 0, 0, 0, 0, 2]
[1, 0, 0, 0, 0, 0, 0, 2]
[1, 0, 0, 0, 0, 0, 0, 2]
[1, 1, 1, 1, 1, 1, 1, 2]
---------------Fichas meta negra: 1------------------------------Fichas meta roja: 0----------------
[1, 2, 0, 2, 2, 2, 2, 2]
[1, 2, 0, 0, 0, 0, 0, 2]
[1, 0, 0, 0, 0, 0, 0, 2]
[1, 0, 0, 0, 0, 0, 0, 2]
[1, 0, 0, 0, 0, 0, 0, 2]
[1, 1, 1, 1, 1, 1, 1, 2]
---------------Fichas meta negra: 0------------------------------Fichas meta roja: 0----------------
[1, 2, 2, 0, 2, 2, 2, 2]
[1, 0, 2, 0, 0, 0, 0, 2]
[1, 0, 0, 0, 0, 0, 0, 2]
[1, 0, 0, 0, 0, 0, 0, 2]
[1, 0, 0, 0, 0, 0, 0, 2]
[1, 1, 1, 1, 1, 1, 1, 2]
---------------Fichas meta negra: 0------------------------------Fichas meta roja: 0----------------
[1, 2, 2, 2, 0, 2, 2, 2]
[1, 0, 0, 2, 0, 0, 0, 2]
[1, 0, 0, 0, 0, 0, 0, 2]
[1, 0, 0, 0, 0, 0, 0, 2]
[1, 0, 0, 0, 0, 0, 0, 2]
[1, 1, 1, 1, 1, 1, 1, 2]
---------------Fichas meta negra: 0------------------------------Fichas meta roja: 0----------------
[1, 2, 2, 2, 2, 0, 2, 2]
[1, 0, 0, 0, 2, 0, 0, 2]
[1, 0, 0, 0, 0, 0, 0, 2]
[1, 0, 0, 0, 0, 0, 0, 2]
[1, 0, 0, 0, 0, 0, 0, 2]
[1, 1, 1, 1, 1, 1, 1, 2]
---------------Fichas meta negra: 0------------------------------Fichas meta roja: 0----------------
[1, 2, 2, 2, 2, 2, 0, 2]
[1, 0, 0, 0, 0, 2, 0, 2]
[1, 0, 0, 0, 0, 0, 0, 2]
[1, 0, 0, 0, 0, 0, 0, 2]
[1, 0, 0, 0, 0, 0, 0, 2]
[1, 1, 1, 1, 1, 1, 1, 2]
---------------Fichas meta negra: 0------------------------------Fichas meta roja: 0----------------
[1, 2, 2, 2, 2, 2, 2, 0]
[1, 0, 0, 0, 0, 0, 2, 2]
[1, 0, 0, 0, 0, 0, 0, 2]
[1, 0, 0, 0, 0, 0, 0, 2]
[1, 0, 0, 0, 0, 0, 0, 2]
[1, 1, 1, 1, 1, 1, 1, 2]
---------------Fichas meta negra: 0------------------------------Fichas meta roja: 0----------------
[1, 2, 2, 2, 2, 2, 2, 2]
[1, 0, 0, 0, 0, 0, 2, 0]
[1, 0, 0, 0, 0, 0, 0, 2]
[1, 0, 0, 0, 0, 0, 0, 2]
[1, 0, 0, 0, 0, 0, 0, 2]
[1, 1, 1, 1, 1, 1, 1, 2]
---------------Fichas meta negra: 0------------------------------Fichas meta roja: 0----------------
[1, 2, 2, 2, 2, 2, 2, 2]
[1, 0, 0, 0, 0, 0, 2, 2]
[1, 0, 0, 0, 0, 0, 0, 0]
[1, 0, 0, 0, 0, 0, 0, 2]
[1, 0, 0, 0, 0, 0, 0, 2]
[1, 1, 1, 1, 1, 1, 1, 2]
---------------Fichas meta negra: 0------------------------------Fichas meta roja: 0----------------
[1, 2, 2, 2, 2, 2, 2, 2]
[1, 0, 0, 0, 0, 0, 2, 2]
[1, 0, 0, 0, 0, 0, 0, 2]
[1, 0, 0, 0, 0, 0, 0, 0]
[1, 0, 0, 0, 0, 0, 0, 2]
[1, 1, 1, 1, 1, 1, 1, 2]
---------------Fichas meta negra: 0------------------------------Fichas meta roja: 0----------------
[1, 2, 2, 2, 2, 2, 2, 2]
[1, 0, 0, 0, 0, 0, 2, 2]
[1, 0, 0, 0, 0, 0, 0, 2]
[1, 0, 0, 0, 0, 0, 0, 2]
[1, 0, 0, 0, 0, 0, 0, 0]
[1, 1, 1, 1, 1, 1, 1, 2]
---------------Fichas meta negra: 0------------------------------Fichas meta roja: 0----------------
[1, 2, 2, 2, 2, 2, 2, 2]
[1, 0, 0, 0, 0, 0, 2, 2]
[1, 0, 0, 0, 0, 0, 0, 2]
[1, 0, 0, 0, 0, 0, 0, 2]
[1, 0, 0, 0, 0, 0, 0, 2]
[1, 1, 1, 1, 1, 1, 1, 0]
---------------Fichas meta negra: 0------------------------------Fichas meta roja: 0----------------


----------------Segundo movimiento----------------
Posibilidades para el movimiento 0
[0, 1, 2, 2, 2, 2, 2, 2]
[1, 0, 0, 0, 0, 0, 0, 2]
[1, 0, 0, 0, 0, 0, 0, 2]
[1, 0, 0, 0, 0, 0, 0, 2]
[1, 0, 0, 0, 0, 0, 0, 2]
[1, 1, 1, 1, 1, 1, 1, 2]
---------------Fichas meta negra: 1------------------------------Fichas meta roja: 0----------------
Posibilidades para el movimiento 0
[1, 1, 2, 2, 2, 2, 2, 2]
[0, 0, 0, 0, 0, 0, 0, 2]
[1, 0, 0, 0, 0, 0, 0, 2]
[1, 0, 0, 0, 0, 0, 0, 2]
[1, 0, 0, 0, 0, 0, 0, 2]
[1, 1, 1, 1, 1, 1, 1, 2]
---------------Fichas meta negra: 1------------------------------Fichas meta roja: 0----------------
Posibilidades para el movimiento 0
[1, 1, 2, 2, 2, 2, 2, 2]
[1, 0, 0, 0, 0, 0, 0, 2]
[0, 0, 0, 0, 0, 0, 0, 2]
[1, 0, 0, 0, 0, 0, 0, 2]
[1, 0, 0, 0, 0, 0, 0, 2]
[1, 1, 1, 1, 1, 1, 1, 2]
---------------Fichas meta negra: 1------------------------------Fichas meta roja: 0----------------
Posibilidades para el movimiento 0
[1, 1, 2, 2, 2, 2, 2, 2]
[1, 0, 0, 0, 0, 0, 0, 2]
[1, 0, 0, 0, 0, 0, 0, 2]
[0, 0, 0, 0, 0, 0, 0, 2]
[1, 0, 0, 0, 0, 0, 0, 2]
[1, 1, 1, 1, 1, 1, 1, 2]
---------------Fichas meta negra: 1------------------------------Fichas meta roja: 0----------------
Posibilidades para el movimiento 0
[1, 1, 2, 2, 2, 2, 2, 2]
[1, 0, 0, 0, 0, 0, 0, 2]
[1, 0, 0, 0, 0, 0, 0, 2]
[1, 0, 0, 0, 0, 0, 0, 2]
[0, 0, 0, 0, 0, 0, 0, 2]
[1, 1, 1, 1, 1, 1, 1, 2]
---------------Fichas meta negra: 1------------------------------Fichas meta roja: 0----------------
Posibilidades para el movimiento 0
[1, 1, 2, 2, 2, 2, 2, 2]
[1, 0, 0, 0, 0, 0, 0, 2]
[1, 0, 0, 0, 0, 0, 0, 2]
[1, 0, 0, 0, 0, 0, 0, 2]
[1, 0, 0, 0, 0, 0, 0, 2]
[0, 1, 1, 1, 1, 1, 1, 2]
---------------Fichas meta negra: 1------------------------------Fichas meta roja: 0----------------
Posibilidades para el movimiento 0
[1, 0, 2, 2, 2, 2, 2, 2]
[1, 0, 1, 0, 0, 0, 0, 2]
[1, 0, 0, 0, 0, 0, 0, 2]
[1, 0, 0, 0, 0, 0, 0, 2]
[1, 0, 0, 0, 0, 0, 0, 2]
[1, 0, 1, 1, 1, 1, 1, 2]
---------------Fichas meta negra: 1------------------------------Fichas meta roja: 0----------------
Posibilidades para el movimiento 0
[1, 0, 2, 2, 2, 2, 2, 2]
[1, 0, 0, 1, 0, 0, 0, 2]
[1, 0, 0, 0, 0, 0, 0, 2]
[1, 0, 0, 0, 0, 0, 0, 2]
[1, 0, 0, 0, 0, 0, 0, 2]
[1, 1, 0, 1, 1, 1, 1, 2]
---------------Fichas meta negra: 1------------------------------Fichas meta roja: 0----------------
Posibilidades para el movimiento 0
[1, 0, 2, 2, 2, 2, 2, 2]
[1, 0, 0, 0, 1, 0, 0, 2]
[1, 0, 0, 0, 0, 0, 0, 2]
[1, 0, 0, 0, 0, 0, 0, 2]
[1, 0, 0, 0, 0, 0, 0, 2]
[1, 1, 1, 0, 1, 1, 1, 2]
---------------Fichas meta negra: 1------------------------------Fichas meta roja: 0----------------
Posibilidades para el movimiento 0
[1, 0, 2, 2, 2, 2, 2, 2]
[1, 0, 0, 0, 0, 1, 0, 2]
[1, 0, 0, 0, 0, 0, 0, 2]
[1, 0, 0, 0, 0, 0, 0, 2]
[1, 0, 0, 0, 0, 0, 0, 2]
[1, 1, 1, 1, 0, 1, 1, 2]
---------------Fichas meta negra: 1------------------------------Fichas meta roja: 0----------------
Posibilidades para el movimiento 0
[1, 0, 2, 2, 2, 2, 2, 2]
[1, 0, 0, 0, 0, 0, 1, 2]
[1, 0, 0, 0, 0, 0, 0, 2]
[1, 0, 0, 0, 0, 0, 0, 2]
[1, 0, 0, 0, 0, 0, 0, 2]
[1, 1, 1, 1, 1, 0, 1, 2]
---------------Fichas meta negra: 1------------------------------Fichas meta roja: 0----------------
Posibilidades para el movimiento 0
[1, 0, 2, 2, 2, 2, 2, 2]
[1, 0, 0, 0, 0, 0, 0, 2]
[1, 0, 0, 0, 0, 0, 0, 2]
[1, 0, 0, 0, 0, 0, 0, 2]
[1, 0, 0, 0, 0, 0, 0, 2]
[1, 1, 1, 1, 1, 1, 0, 2]
---------------Fichas meta negra: 1------------------------------Fichas meta roja: 1----------------


Posibilidades para el movimiento 1
[1, 0, 0, 2, 2, 2, 2, 2]
[1, 2, 0, 0, 0, 0, 0, 2]
[1, 0, 0, 0, 0, 0, 0, 2]
[1, 0, 0, 0, 0, 0, 0, 2]
[1, 0, 0, 0, 0, 0, 0, 2]
[1, 1, 1, 1, 1, 1, 1, 2]
---------------Fichas meta negra: 1------------------------------Fichas meta roja: 0----------------
Posibilidades para el movimiento 1
[1, 2, 0, 0, 2, 2, 2, 2]
[1, 2, 0, 0, 0, 0, 0, 2]
[1, 2, 0, 0, 0, 0, 0, 2]
[1, 0, 0, 0, 0, 0, 0, 2]
[1, 0, 0, 0, 0, 0, 0, 2]
[1, 1, 1, 1, 1, 1, 1, 2]
---------------Fichas meta negra: 0------------------------------Fichas meta roja: 0----------------
Posibilidades para el movimiento 1
[1, 2, 2, 2, 0, 2, 2, 2]
[1, 2, 0, 0, 0, 0, 0, 2]
[1, 0, 0, 0, 0, 0, 0, 2]
[1, 0, 0, 0, 0, 0, 0, 2]
[1, 0, 0, 0, 0, 0, 0, 2]
[1, 1, 1, 1, 1, 1, 1, 2]
---------------Fichas meta negra: 0------------------------------Fichas meta roja: 0----------------
Posibilidades para el movimiento 1
[1, 2, 0, 2, 2, 0, 2, 2]
[1, 2, 0, 2, 0, 0, 0, 2]
[1, 0, 0, 0, 0, 0, 0, 2]
[1, 0, 0, 0, 0, 0, 0, 2]
[1, 0, 0, 0, 0, 0, 0, 2]
[1, 1, 1, 1, 1, 1, 1, 2]
---------------Fichas meta negra: 0------------------------------Fichas meta roja: 0----------------
Posibilidades para el movimiento 1
[1, 2, 0, 2, 2, 2, 0, 2]
[1, 2, 0, 0, 2, 0, 0, 2]
[1, 0, 0, 0, 0, 0, 0, 2]
[1, 0, 0, 0, 0, 0, 0, 2]
[1, 0, 0, 0, 0, 0, 0, 2]
[1, 1, 1, 1, 1, 1, 1, 2]
---------------Fichas meta negra: 0------------------------------Fichas meta roja: 0----------------
Posibilidades para el movimiento 1
[1, 2, 0, 2, 2, 2, 2, 0]
[1, 2, 0, 0, 0, 2, 0, 2]
[1, 0, 0, 0, 0, 0, 0, 2]
[1, 0, 0, 0, 0, 0, 0, 2]
[1, 0, 0, 0, 0, 0, 0, 2]
[1, 1, 1, 1, 1, 1, 1, 2]
---------------Fichas meta negra: 0------------------------------Fichas meta roja: 0----------------
Posibilidades para el movimiento 1
[1, 2, 0, 2, 2, 2, 2, 2]
[1, 0, 0, 0, 0, 0, 0, 2]
[1, 0, 0, 0, 0, 0, 0, 2]
[1, 0, 0, 0, 0, 0, 0, 2]
[1, 0, 0, 0, 0, 0, 0, 2]
[1, 1, 1, 1, 1, 1, 1, 2]
---------------Fichas meta negra: 1------------------------------Fichas meta roja: 0----------------
Posibilidades para el movimiento 1
[1, 2, 0, 2, 2, 2, 2, 2]
[1, 2, 0, 0, 0, 2, 0, 0]
[1, 0, 0, 0, 0, 0, 0, 2]
[1, 0, 0, 0, 0, 0, 0, 2]
[1, 0, 0, 0, 0, 0, 0, 2]
[1, 1, 1, 1, 1, 1, 1, 2]
---------------Fichas meta negra: 0------------------------------Fichas meta roja: 0----------------
Posibilidades para el movimiento 1
[1, 2, 0, 2, 2, 2, 2, 2]
[1, 2, 0, 0, 0, 2, 0, 2]
[1, 0, 0, 0, 0, 0, 0, 0]
[1, 0, 0, 0, 0, 0, 0, 2]
[1, 0, 0, 0, 0, 0, 0, 2]
[1, 1, 1, 1, 1, 1, 1, 2]
---------------Fichas meta negra: 0------------------------------Fichas meta roja: 0----------------
Posibilidades para el movimiento 1
[1, 2, 0, 2, 2, 2, 2, 2]
[1, 2, 0, 0, 0, 2, 0, 2]
[1, 0, 0, 0, 0, 0, 0, 2]
[1, 0, 0, 0, 0, 0, 0, 0]
[1, 0, 0, 0, 0, 0, 0, 2]
[1, 1, 1, 1, 1, 1, 1, 2]
---------------Fichas meta negra: 0------------------------------Fichas meta roja: 0----------------
Posibilidades para el movimiento 1
[1, 2, 0, 2, 2, 2, 2, 2]
[1, 2, 0, 0, 0, 2, 0, 2]
[1, 0, 0, 0, 0, 0, 0, 2]
[1, 0, 0, 0, 0, 0, 0, 2]
[1, 0, 0, 0, 0, 0, 0, 0]
[1, 1, 1, 1, 1, 1, 1, 2]
---------------Fichas meta negra: 0------------------------------Fichas meta roja: 0----------------
Posibilidades para el movimiento 1
[1, 2, 0, 2, 2, 2, 2, 2]
[1, 2, 0, 0, 0, 2, 0, 2]
[1, 0, 0, 0, 0, 0, 0, 2]
[1, 0, 0, 0, 0, 0, 0, 2]
[1, 0, 0, 0, 0, 0, 0, 2]
[1, 1, 1, 1, 1, 1, 1, 0]
---------------Fichas meta negra: 0------------------------------Fichas meta roja: 0----------------


Posibilidades para el movimiento 2
[1, 0, 2, 0, 2, 2, 2, 2]
[1, 0, 2, 0, 0, 0, 0, 2]
[1, 0, 0, 0, 0, 0, 0, 2]
[1, 0, 0, 0, 0, 0, 0, 2]
[1, 0, 0, 0, 0, 0, 0, 2]
[1, 1, 1, 1, 1, 1, 1, 2]
---------------Fichas meta negra: 1------------------------------Fichas meta roja: 0----------------
Posibilidades para el movimiento 2
[1, 2, 0, 0, 2, 2, 2, 2]
[1, 0, 2, 0, 0, 0, 0, 2]
[1, 0, 0, 0, 0, 0, 0, 2]
[1, 0, 0, 0, 0, 0, 0, 2]
[1, 0, 0, 0, 0, 0, 0, 2]
[1, 1, 1, 1, 1, 1, 1, 2]
---------------Fichas meta negra: 1------------------------------Fichas meta roja: 0----------------
Posibilidades para el movimiento 2
[1, 2, 2, 0, 0, 2, 2, 2]
[1, 0, 2, 0, 0, 0, 0, 2]
[1, 0, 2, 0, 0, 0, 0, 2]
[1, 0, 0, 0, 0, 0, 0, 2]
[1, 0, 0, 0, 0, 0, 0, 2]
[1, 1, 1, 1, 1, 1, 1, 2]
---------------Fichas meta negra: 0------------------------------Fichas meta roja: 0----------------
Posibilidades para el movimiento 2
[1, 2, 2, 2, 2, 0, 2, 2]
[1, 0, 2, 0, 0, 0, 0, 2]
[1, 0, 0, 0, 0, 0, 0, 2]
[1, 0, 0, 0, 0, 0, 0, 2]
[1, 0, 0, 0, 0, 0, 0, 2]
[1, 1, 1, 1, 1, 1, 1, 2]
---------------Fichas meta negra: 0------------------------------Fichas meta roja: 0----------------
Posibilidades para el movimiento 2
[1, 2, 2, 0, 2, 2, 0, 2]
[1, 0, 2, 0, 2, 0, 0, 2]
[1, 0, 0, 0, 0, 0, 0, 2]
[1, 0, 0, 0, 0, 0, 0, 2]
[1, 0, 0, 0, 0, 0, 0, 2]
[1, 1, 1, 1, 1, 1, 1, 2]
---------------Fichas meta negra: 0------------------------------Fichas meta roja: 0----------------
Posibilidades para el movimiento 2
[1, 2, 2, 0, 2, 2, 2, 0]
[1, 0, 2, 0, 0, 2, 0, 2]
[1, 0, 0, 0, 0, 0, 0, 2]
[1, 0, 0, 0, 0, 0, 0, 2]
[1, 0, 0, 0, 0, 0, 0, 2]
[1, 1, 1, 1, 1, 1, 1, 2]
---------------Fichas meta negra: 0------------------------------Fichas meta roja: 0----------------
Posibilidades para el movimiento 2
[1, 2, 2, 0, 2, 2, 2, 2]
[1, 0, 0, 0, 0, 0, 0, 2]
[1, 0, 0, 0, 0, 0, 0, 2]
[1, 0, 0, 0, 0, 0, 0, 2]
[1, 0, 0, 0, 0, 0, 0, 2]
[1, 1, 1, 1, 1, 1, 1, 2]
---------------Fichas meta negra: 1------------------------------Fichas meta roja: 0----------------
Posibilidades para el movimiento 2
[1, 2, 2, 0, 2, 2, 2, 2]
[1, 0, 2, 0, 0, 2, 0, 0]
[1, 0, 0, 0, 0, 0, 0, 2]
[1, 0, 0, 0, 0, 0, 0, 2]
[1, 0, 0, 0, 0, 0, 0, 2]
[1, 1, 1, 1, 1, 1, 1, 2]
---------------Fichas meta negra: 0------------------------------Fichas meta roja: 0----------------
Posibilidades para el movimiento 2
[1, 2, 2, 0, 2, 2, 2, 2]
[1, 0, 2, 0, 0, 2, 0, 2]
[1, 0, 0, 0, 0, 0, 0, 0]
[1, 0, 0, 0, 0, 0, 0, 2]
[1, 0, 0, 0, 0, 0, 0, 2]
[1, 1, 1, 1, 1, 1, 1, 2]
---------------Fichas meta negra: 0------------------------------Fichas meta roja: 0----------------
Posibilidades para el movimiento 2
[1, 2, 2, 0, 2, 2, 2, 2]
[1, 0, 2, 0, 0, 2, 0, 2]
[1, 0, 0, 0, 0, 0, 0, 2]
[1, 0, 0, 0, 0, 0, 0, 0]
[1, 0, 0, 0, 0, 0, 0, 2]
[1, 1, 1, 1, 1, 1, 1, 2]
---------------Fichas meta negra: 0------------------------------Fichas meta roja: 0----------------
Posibilidades para el movimiento 2
[1, 2, 2, 0, 2, 2, 2, 2]
[1, 0, 2, 0, 0, 2, 0, 2]
[1, 0, 0, 0, 0, 0, 0, 2]
[1, 0, 0, 0, 0, 0, 0, 2]
[1, 0, 0, 0, 0, 0, 0, 0]
[1, 1, 1, 1, 1, 1, 1, 2]
---------------Fichas meta negra: 0------------------------------Fichas meta roja: 0----------------
Posibilidades para el movimiento 2
[1, 2, 2, 0, 2, 2, 2, 2]
[1, 0, 2, 0, 0, 2, 0, 2]
[1, 0, 0, 0, 0, 0, 0, 2]
[1, 0, 0, 0, 0, 0, 0, 2]
[1, 0, 0, 0, 0, 0, 0, 2]
[1, 1, 1, 1, 1, 1, 1, 0]
---------------Fichas meta negra: 0------------------------------Fichas meta roja: 0----------------


Posibilidades para el movimiento 3
[1, 0, 2, 2, 0, 2, 2, 2]
[1, 0, 0, 2, 0, 0, 0, 2]
[1, 0, 0, 0, 0, 0, 0, 2]
[1, 0, 0, 0, 0, 0, 0, 2]
[1, 0, 0, 0, 0, 0, 0, 2]
[1, 1, 1, 1, 1, 1, 1, 2]
---------------Fichas meta negra: 1------------------------------Fichas meta roja: 0----------------
Posibilidades para el movimiento 3
[1, 2, 0, 2, 0, 2, 2, 2]
[1, 0, 0, 2, 0, 0, 0, 2]
[1, 0, 0, 0, 0, 0, 0, 2]
[1, 0, 0, 0, 0, 0, 0, 2]
[1, 0, 0, 0, 0, 0, 0, 2]
[1, 1, 1, 1, 1, 1, 1, 2]
---------------Fichas meta negra: 1------------------------------Fichas meta roja: 0----------------
Posibilidades para el movimiento 3
[1, 2, 2, 0, 0, 2, 2, 2]
[1, 2, 0, 2, 0, 0, 0, 2]
[1, 0, 0, 0, 0, 0, 0, 2]
[1, 0, 0, 0, 0, 0, 0, 2]
[1, 0, 0, 0, 0, 0, 0, 2]
[1, 1, 1, 1, 1, 1, 1, 2]
---------------Fichas meta negra: 0------------------------------Fichas meta roja: 0----------------
Posibilidades para el movimiento 3
[1, 2, 2, 2, 0, 0, 2, 2]
[1, 0, 0, 2, 0, 0, 0, 2]
[1, 0, 0, 2, 0, 0, 0, 2]
[1, 0, 0, 0, 0, 0, 0, 2]
[1, 0, 0, 0, 0, 0, 0, 2]
[1, 1, 1, 1, 1, 1, 1, 2]
---------------Fichas meta negra: 0------------------------------Fichas meta roja: 0----------------
Posibilidades para el movimiento 3
[1, 2, 2, 2, 2, 2, 0, 2]
[1, 0, 0, 2, 0, 0, 0, 2]
[1, 0, 0, 0, 0, 0, 0, 2]
[1, 0, 0, 0, 0, 0, 0, 2]
[1, 0, 0, 0, 0, 0, 0, 2]
[1, 1, 1, 1, 1, 1, 1, 2]
---------------Fichas meta negra: 0------------------------------Fichas meta roja: 0----------------
Posibilidades para el movimiento 3
[1, 2, 2, 2, 0, 2, 2, 0]
[1, 0, 0, 2, 0, 2, 0, 2]
[1, 0, 0, 0, 0, 0, 0, 2]
[1, 0, 0, 0, 0, 0, 0, 2]
[1, 0, 0, 0, 0, 0, 0, 2]
[1, 1, 1, 1, 1, 1, 1, 2]
---------------Fichas meta negra: 0------------------------------Fichas meta roja: 0----------------
Posibilidades para el movimiento 3
[1, 2, 2, 2, 0, 2, 2, 2]
[1, 2, 0, 0, 0, 0, 0, 2]
[1, 0, 0, 0, 0, 0, 0, 2]
[1, 0, 0, 0, 0, 0, 0, 2]
[1, 0, 0, 0, 0, 0, 0, 2]
[1, 1, 1, 1, 1, 1, 1, 2]
---------------Fichas meta negra: 0------------------------------Fichas meta roja: 0----------------
Posibilidades para el movimiento 3
[1, 2, 2, 2, 0, 2, 2, 2]
[1, 0, 0, 2, 0, 2, 0, 0]
[1, 0, 0, 0, 0, 0, 0, 2]
[1, 0, 0, 0, 0, 0, 0, 2]
[1, 0, 0, 0, 0, 0, 0, 2]
[1, 1, 1, 1, 1, 1, 1, 2]
---------------Fichas meta negra: 0------------------------------Fichas meta roja: 0----------------
Posibilidades para el movimiento 3
[1, 2, 2, 2, 0, 2, 2, 2]
[1, 0, 0, 2, 0, 2, 0, 2]
[1, 0, 0, 0, 0, 0, 0, 0]
[1, 0, 0, 0, 0, 0, 0, 2]
[1, 0, 0, 0, 0, 0, 0, 2]
[1, 1, 1, 1, 1, 1, 1, 2]
---------------Fichas meta negra: 0------------------------------Fichas meta roja: 0----------------
Posibilidades para el movimiento 3
[1, 2, 2, 2, 0, 2, 2, 2]
[1, 0, 0, 2, 0, 2, 0, 2]
[1, 0, 0, 0, 0, 0, 0, 2]
[1, 0, 0, 0, 0, 0, 0, 0]
[1, 0, 0, 0, 0, 0, 0, 2]
[1, 1, 1, 1, 1, 1, 1, 2]
---------------Fichas meta negra: 0------------------------------Fichas meta roja: 0----------------
Posibilidades para el movimiento 3
[1, 2, 2, 2, 0, 2, 2, 2]
[1, 0, 0, 2, 0, 2, 0, 2]
[1, 0, 0, 0, 0, 0, 0, 2]
[1, 0, 0, 0, 0, 0, 0, 2]
[1, 0, 0, 0, 0, 0, 0, 0]
[1, 1, 1, 1, 1, 1, 1, 2]
---------------Fichas meta negra: 0------------------------------Fichas meta roja: 0----------------
Posibilidades para el movimiento 3
[1, 2, 2, 2, 0, 2, 2, 2]
[1, 0, 0, 2, 0, 2, 0, 2]
[1, 0, 0, 0, 0, 0, 0, 2]
[1, 0, 0, 0, 0, 0, 0, 2]
[1, 0, 0, 0, 0, 0, 0, 2]
[1, 1, 1, 1, 1, 1, 1, 0]
---------------Fichas meta negra: 0------------------------------Fichas meta roja: 0----------------


Posibilidades para el movimiento 4
[1, 0, 2, 2, 2, 0, 2, 2]
[1, 0, 0, 0, 2, 0, 0, 2]
[1, 0, 0, 0, 0, 0, 0, 2]
[1, 0, 0, 0, 0, 0, 0, 2]
[1, 0, 0, 0, 0, 0, 0, 2]
[1, 1, 1, 1, 1, 1, 1, 2]
---------------Fichas meta negra: 1------------------------------Fichas meta roja: 0----------------
Posibilidades para el movimiento 4
[1, 2, 0, 2, 2, 0, 2, 2]
[1, 0, 0, 0, 2, 0, 0, 2]
[1, 0, 0, 0, 0, 0, 0, 2]
[1, 0, 0, 0, 0, 0, 0, 2]
[1, 0, 0, 0, 0, 0, 0, 2]
[1, 1, 1, 1, 1, 1, 1, 2]
---------------Fichas meta negra: 1------------------------------Fichas meta roja: 0----------------
Posibilidades para el movimiento 4
[1, 2, 2, 0, 2, 0, 2, 2]
[1, 2, 0, 0, 2, 0, 0, 2]
[1, 0, 0, 0, 0, 0, 0, 2]
[1, 0, 0, 0, 0, 0, 0, 2]
[1, 0, 0, 0, 0, 0, 0, 2]
[1, 1, 1, 1, 1, 1, 1, 2]
---------------Fichas meta negra: 0------------------------------Fichas meta roja: 0----------------
Posibilidades para el movimiento 4
[1, 2, 2, 2, 0, 0, 2, 2]
[1, 0, 2, 0, 2, 0, 0, 2]
[1, 0, 0, 0, 0, 0, 0, 2]
[1, 0, 0, 0, 0, 0, 0, 2]
[1, 0, 0, 0, 0, 0, 0, 2]
[1, 1, 1, 1, 1, 1, 1, 2]
---------------Fichas meta negra: 0------------------------------Fichas meta roja: 0----------------
Posibilidades para el movimiento 4
[1, 2, 2, 2, 2, 0, 0, 2]
[1, 0, 0, 0, 2, 0, 0, 2]
[1, 0, 0, 0, 2, 0, 0, 2]
[1, 0, 0, 0, 0, 0, 0, 2]
[1, 0, 0, 0, 0, 0, 0, 2]
[1, 1, 1, 1, 1, 1, 1, 2]
---------------Fichas meta negra: 0------------------------------Fichas meta roja: 0----------------
Posibilidades para el movimiento 4
[1, 2, 2, 2, 2, 2, 2, 0]
[1, 0, 0, 0, 2, 0, 0, 2]
[1, 0, 0, 0, 0, 0, 0, 2]
[1, 0, 0, 0, 0, 0, 0, 2]
[1, 0, 0, 0, 0, 0, 0, 2]
[1, 1, 1, 1, 1, 1, 1, 2]
---------------Fichas meta negra: 0------------------------------Fichas meta roja: 0----------------
Posibilidades para el movimiento 4
[1, 2, 2, 2, 2, 0, 2, 2]
[1, 0, 2, 0, 0, 0, 0, 2]
[1, 0, 0, 0, 0, 0, 0, 2]
[1, 0, 0, 0, 0, 0, 0, 2]
[1, 0, 0, 0, 0, 0, 0, 2]
[1, 1, 1, 1, 1, 1, 1, 2]
---------------Fichas meta negra: 0------------------------------Fichas meta roja: 0----------------
Posibilidades para el movimiento 4
[1, 2, 2, 2, 2, 2, 2, 2]
[1, 0, 0, 0, 2, 0, 0, 0]
[1, 0, 0, 0, 0, 0, 0, 2]
[1, 0, 0, 0, 0, 0, 0, 2]
[1, 0, 0, 0, 0, 0, 0, 2]
[1, 1, 1, 1, 1, 1, 1, 2]
---------------Fichas meta negra: 0------------------------------Fichas meta roja: 0----------------
Posibilidades para el movimiento 4
[1, 2, 2, 2, 2, 2, 2, 2]
[1, 0, 0, 0, 2, 0, 0, 2]
[1, 0, 0, 0, 0, 0, 0, 0]
[1, 0, 0, 0, 0, 0, 0, 2]
[1, 0, 0, 0, 0, 0, 0, 2]
[1, 1, 1, 1, 1, 1, 1, 2]
---------------Fichas meta negra: 0------------------------------Fichas meta roja: 0----------------
Posibilidades para el movimiento 4
[1, 2, 2, 2, 2, 2, 2, 2]
[1, 0, 0, 0, 2, 0, 0, 2]
[1, 0, 0, 0, 0, 0, 0, 2]
[1, 0, 0, 0, 0, 0, 0, 0]
[1, 0, 0, 0, 0, 0, 0, 2]
[1, 1, 1, 1, 1, 1, 1, 2]
---------------Fichas meta negra: 0------------------------------Fichas meta roja: 0----------------
Posibilidades para el movimiento 4
[1, 2, 2, 2, 2, 2, 2, 2]
[1, 0, 0, 0, 2, 0, 0, 2]
[1, 0, 0, 0, 0, 0, 0, 2]
[1, 0, 0, 0, 0, 0, 0, 2]
[1, 0, 0, 0, 0, 0, 0, 0]
[1, 1, 1, 1, 1, 1, 1, 2]
---------------Fichas meta negra: 0------------------------------Fichas meta roja: 0----------------
Posibilidades para el movimiento 4
[1, 2, 2, 2, 2, 2, 2, 2]
[1, 0, 0, 0, 2, 0, 0, 2]
[1, 0, 0, 0, 0, 0, 0, 2]
[1, 0, 0, 0, 0, 0, 0, 2]
[1, 0, 0, 0, 0, 0, 0, 2]
[1, 1, 1, 1, 1, 1, 1, 0]
---------------Fichas meta negra: 0------------------------------Fichas meta roja: 0----------------


Posibilidades para el movimiento 5
[1, 0, 2, 2, 2, 2, 0, 2]
[1, 0, 0, 0, 0, 2, 0, 2]
[1, 0, 0, 0, 0, 0, 0, 2]
[1, 0, 0, 0, 0, 0, 0, 2]
[1, 0, 0, 0, 0, 0, 0, 2]
[1, 1, 1, 1, 1, 1, 1, 2]
---------------Fichas meta negra: 1------------------------------Fichas meta roja: 0----------------
Posibilidades para el movimiento 5
[1, 2, 0, 2, 2, 2, 0, 2]
[1, 0, 0, 0, 0, 2, 0, 2]
[1, 0, 0, 0, 0, 0, 0, 2]
[1, 0, 0, 0, 0, 0, 0, 2]
[1, 0, 0, 0, 0, 0, 0, 2]
[1, 1, 1, 1, 1, 1, 1, 2]
---------------Fichas meta negra: 1------------------------------Fichas meta roja: 0----------------
Posibilidades para el movimiento 5
[1, 2, 2, 0, 2, 2, 0, 2]
[1, 2, 0, 0, 0, 2, 0, 2]
[1, 0, 0, 0, 0, 0, 0, 2]
[1, 0, 0, 0, 0, 0, 0, 2]
[1, 0, 0, 0, 0, 0, 0, 2]
[1, 1, 1, 1, 1, 1, 1, 2]
---------------Fichas meta negra: 0------------------------------Fichas meta roja: 0----------------
Posibilidades para el movimiento 5
[1, 2, 2, 2, 0, 2, 0, 2]
[1, 0, 2, 0, 0, 2, 0, 2]
[1, 0, 0, 0, 0, 0, 0, 2]
[1, 0, 0, 0, 0, 0, 0, 2]
[1, 0, 0, 0, 0, 0, 0, 2]
[1, 1, 1, 1, 1, 1, 1, 2]
---------------Fichas meta negra: 0------------------------------Fichas meta roja: 0----------------
Posibilidades para el movimiento 5
[1, 2, 2, 2, 2, 0, 0, 2]
[1, 0, 0, 2, 0, 2, 0, 2]
[1, 0, 0, 0, 0, 0, 0, 2]
[1, 0, 0, 0, 0, 0, 0, 2]
[1, 0, 0, 0, 0, 0, 0, 2]
[1, 1, 1, 1, 1, 1, 1, 2]
---------------Fichas meta negra: 0------------------------------Fichas meta roja: 0----------------
Posibilidades para el movimiento 5
[1, 2, 2, 2, 2, 2, 0, 0]
[1, 0, 0, 0, 0, 2, 0, 2]
[1, 0, 0, 0, 0, 2, 0, 2]
[1, 0, 0, 0, 0, 0, 0, 2]
[1, 0, 0, 0, 0, 0, 0, 2]
[1, 1, 1, 1, 1, 1, 1, 2]
---------------Fichas meta negra: 0------------------------------Fichas meta roja: 0----------------
Posibilidades para el movimiento 5
[1, 2, 2, 2, 2, 2, 0, 2]
[1, 0, 0, 2, 0, 0, 0, 2]
[1, 0, 0, 0, 0, 0, 0, 2]
[1, 0, 0, 0, 0, 0, 0, 2]
[1, 0, 0, 0, 0, 0, 0, 2]
[1, 1, 1, 1, 1, 1, 1, 2]
---------------Fichas meta negra: 0------------------------------Fichas meta roja: 0----------------
Posibilidades para el movimiento 5
[1, 2, 2, 2, 2, 2, 0, 2]
[1, 0, 0, 0, 0, 2, 0, 0]
[1, 0, 0, 0, 0, 2, 0, 2]
[1, 0, 0, 0, 0, 0, 0, 2]
[1, 0, 0, 0, 0, 0, 0, 2]
[1, 1, 1, 1, 1, 1, 1, 2]
---------------Fichas meta negra: 0------------------------------Fichas meta roja: 0----------------
Posibilidades para el movimiento 5
[1, 2, 2, 2, 2, 2, 0, 2]
[1, 0, 0, 0, 0, 2, 0, 2]
[1, 0, 0, 0, 0, 2, 0, 0]
[1, 0, 0, 0, 0, 0, 0, 2]
[1, 0, 0, 0, 0, 0, 0, 2]
[1, 1, 1, 1, 1, 1, 1, 2]
---------------Fichas meta negra: 0------------------------------Fichas meta roja: 0----------------
Posibilidades para el movimiento 5
[1, 2, 2, 2, 2, 2, 0, 2]
[1, 0, 0, 0, 0, 2, 0, 2]
[1, 0, 0, 0, 0, 2, 0, 2]
[1, 0, 0, 0, 0, 0, 0, 0]
[1, 0, 0, 0, 0, 0, 0, 2]
[1, 1, 1, 1, 1, 1, 1, 2]
---------------Fichas meta negra: 0------------------------------Fichas meta roja: 0----------------
Posibilidades para el movimiento 5
[1, 2, 2, 2, 2, 2, 0, 2]
[1, 0, 0, 0, 0, 2, 0, 2]
[1, 0, 0, 0, 0, 2, 0, 2]
[1, 0, 0, 0, 0, 0, 0, 2]
[1, 0, 0, 0, 0, 0, 0, 0]
[1, 1, 1, 1, 1, 1, 1, 2]
---------------Fichas meta negra: 0------------------------------Fichas meta roja: 0----------------
Posibilidades para el movimiento 5
[1, 2, 2, 2, 2, 2, 0, 2]
[1, 0, 0, 0, 0, 2, 0, 2]
[1, 0, 0, 0, 0, 2, 0, 2]
[1, 0, 0, 0, 0, 0, 0, 2]
[1, 0, 0, 0, 0, 0, 0, 2]
[1, 1, 1, 1, 1, 1, 1, 0]
---------------Fichas meta negra: 0------------------------------Fichas meta roja: 0----------------


Posibilidades para el movimiento 6
[1, 0, 2, 2, 2, 2, 2, 0]
[1, 0, 0, 0, 0, 0, 2, 2]
[1, 0, 0, 0, 0, 0, 0, 2]
[1, 0, 0, 0, 0, 0, 0, 2]
[1, 0, 0, 0, 0, 0, 0, 2]
[1, 1, 1, 1, 1, 1, 1, 2]
---------------Fichas meta negra: 1------------------------------Fichas meta roja: 0----------------
Posibilidades para el movimiento 6
[1, 2, 0, 2, 2, 2, 2, 0]
[1, 0, 0, 0, 0, 0, 2, 2]
[1, 0, 0, 0, 0, 0, 0, 2]
[1, 0, 0, 0, 0, 0, 0, 2]
[1, 0, 0, 0, 0, 0, 0, 2]
[1, 1, 1, 1, 1, 1, 1, 2]
---------------Fichas meta negra: 1------------------------------Fichas meta roja: 0----------------
Posibilidades para el movimiento 6
[1, 2, 2, 0, 2, 2, 2, 0]
[1, 2, 0, 0, 0, 0, 2, 2]
[1, 0, 0, 0, 0, 0, 0, 2]
[1, 0, 0, 0, 0, 0, 0, 2]
[1, 0, 0, 0, 0, 0, 0, 2]
[1, 1, 1, 1, 1, 1, 1, 2]
---------------Fichas meta negra: 0------------------------------Fichas meta roja: 0----------------
Posibilidades para el movimiento 6
[1, 2, 2, 2, 0, 2, 2, 0]
[1, 0, 2, 0, 0, 0, 2, 2]
[1, 0, 0, 0, 0, 0, 0, 2]
[1, 0, 0, 0, 0, 0, 0, 2]
[1, 0, 0, 0, 0, 0, 0, 2]
[1, 1, 1, 1, 1, 1, 1, 2]
---------------Fichas meta negra: 0------------------------------Fichas meta roja: 0----------------
Posibilidades para el movimiento 6
[1, 2, 2, 2, 2, 0, 2, 0]
[1, 0, 0, 2, 0, 0, 2, 2]
[1, 0, 0, 0, 0, 0, 0, 2]
[1, 0, 0, 0, 0, 0, 0, 2]
[1, 0, 0, 0, 0, 0, 0, 2]
[1, 1, 1, 1, 1, 1, 1, 2]
---------------Fichas meta negra: 0------------------------------Fichas meta roja: 0----------------
Posibilidades para el movimiento 6
[1, 2, 2, 2, 2, 2, 0, 0]
[1, 0, 0, 0, 2, 0, 2, 2]
[1, 0, 0, 0, 0, 0, 0, 2]
[1, 0, 0, 0, 0, 0, 0, 2]
[1, 0, 0, 0, 0, 0, 0, 2]
[1, 1, 1, 1, 1, 1, 1, 2]
---------------Fichas meta negra: 0------------------------------Fichas meta roja: 0----------------
Posibilidades para el movimiento 6
[1, 2, 2, 2, 2, 2, 2, 0]
[1, 0, 0, 0, 2, 0, 0, 2]
[1, 0, 0, 0, 0, 0, 0, 2]
[1, 0, 0, 0, 0, 0, 0, 2]
[1, 0, 0, 0, 0, 0, 0, 2]
[1, 1, 1, 1, 1, 1, 1, 2]
---------------Fichas meta negra: 0------------------------------Fichas meta roja: 0----------------
Posibilidades para el movimiento 6
[1, 2, 2, 2, 2, 2, 2, 0]
[1, 0, 0, 0, 0, 2, 2, 0]
[1, 0, 0, 0, 0, 0, 0, 2]
[1, 0, 0, 0, 0, 0, 0, 2]
[1, 0, 0, 0, 0, 0, 0, 2]
[1, 1, 1, 1, 1, 1, 1, 2]
---------------Fichas meta negra: 0------------------------------Fichas meta roja: 0----------------
Posibilidades para el movimiento 6
[1, 2, 2, 2, 2, 2, 2, 0]
[1, 0, 0, 0, 0, 2, 2, 2]
[1, 0, 0, 0, 0, 0, 0, 0]
[1, 0, 0, 0, 0, 0, 0, 2]
[1, 0, 0, 0, 0, 0, 0, 2]
[1, 1, 1, 1, 1, 1, 1, 2]
---------------Fichas meta negra: 0------------------------------Fichas meta roja: 0----------------
Posibilidades para el movimiento 6
[1, 2, 2, 2, 2, 2, 2, 0]
[1, 0, 0, 0, 0, 2, 2, 2]
[1, 0, 0, 0, 0, 0, 0, 2]
[1, 0, 0, 0, 0, 0, 0, 0]
[1, 0, 0, 0, 0, 0, 0, 2]
[1, 1, 1, 1, 1, 1, 1, 2]
---------------Fichas meta negra: 0------------------------------Fichas meta roja: 0----------------
Posibilidades para el movimiento 6
[1, 2, 2, 2, 2, 2, 2, 0]
[1, 0, 0, 0, 0, 2, 2, 2]
[1, 0, 0, 0, 0, 0, 0, 2]
[1, 0, 0, 0, 0, 0, 0, 2]
[1, 0, 0, 0, 0, 0, 0, 0]
[1, 1, 1, 1, 1, 1, 1, 2]
---------------Fichas meta negra: 0------------------------------Fichas meta roja: 0----------------
Posibilidades para el movimiento 6
[1, 2, 2, 2, 2, 2, 2, 0]
[1, 0, 0, 0, 0, 2, 2, 2]
[1, 0, 0, 0, 0, 0, 0, 2]
[1, 0, 0, 0, 0, 0, 0, 2]
[1, 0, 0, 0, 0, 0, 0, 2]
[1, 1, 1, 1, 1, 1, 1, 0]
---------------Fichas meta negra: 0------------------------------Fichas meta roja: 0----------------


Posibilidades para el movimiento 7
[1, 0, 2, 2, 2, 2, 2, 2]
[1, 0, 0, 0, 0, 0, 2, 0]
[1, 0, 0, 0, 0, 0, 0, 2]
[1, 0, 0, 0, 0, 0, 0, 2]
[1, 0, 0, 0, 0, 0, 0, 2]
[1, 1, 1, 1, 1, 1, 1, 2]
---------------Fichas meta negra: 1------------------------------Fichas meta roja: 0----------------
Posibilidades para el movimiento 7
[1, 2, 0, 2, 2, 2, 2, 2]
[1, 0, 0, 0, 0, 0, 2, 0]
[1, 0, 0, 0, 0, 0, 0, 2]
[1, 0, 0, 0, 0, 0, 0, 2]
[1, 0, 0, 0, 0, 0, 0, 2]
[1, 1, 1, 1, 1, 1, 1, 2]
---------------Fichas meta negra: 1------------------------------Fichas meta roja: 0----------------
Posibilidades para el movimiento 7
[1, 2, 2, 0, 2, 2, 2, 2]
[1, 2, 0, 0, 0, 0, 2, 0]
[1, 0, 0, 0, 0, 0, 0, 2]
[1, 0, 0, 0, 0, 0, 0, 2]
[1, 0, 0, 0, 0, 0, 0, 2]
[1, 1, 1, 1, 1, 1, 1, 2]
---------------Fichas meta negra: 0------------------------------Fichas meta roja: 0----------------
Posibilidades para el movimiento 7
[1, 2, 2, 2, 0, 2, 2, 2]
[1, 0, 2, 0, 0, 0, 2, 0]
[1, 0, 0, 0, 0, 0, 0, 2]
[1, 0, 0, 0, 0, 0, 0, 2]
[1, 0, 0, 0, 0, 0, 0, 2]
[1, 1, 1, 1, 1, 1, 1, 2]
---------------Fichas meta negra: 0------------------------------Fichas meta roja: 0----------------
Posibilidades para el movimiento 7
[1, 2, 2, 2, 2, 0, 2, 2]
[1, 0, 0, 2, 0, 0, 2, 0]
[1, 0, 0, 0, 0, 0, 0, 2]
[1, 0, 0, 0, 0, 0, 0, 2]
[1, 0, 0, 0, 0, 0, 0, 2]
[1, 1, 1, 1, 1, 1, 1, 2]
---------------Fichas meta negra: 0------------------------------Fichas meta roja: 0----------------
Posibilidades para el movimiento 7
[1, 2, 2, 2, 2, 2, 0, 2]
[1, 0, 0, 0, 2, 0, 2, 0]
[1, 0, 0, 0, 0, 0, 0, 2]
[1, 0, 0, 0, 0, 0, 0, 2]
[1, 0, 0, 0, 0, 0, 0, 2]
[1, 1, 1, 1, 1, 1, 1, 2]
---------------Fichas meta negra: 0------------------------------Fichas meta roja: 0----------------
Posibilidades para el movimiento 7
[1, 2, 2, 2, 2, 2, 2, 0]
[1, 0, 0, 0, 0, 2, 2, 0]
[1, 0, 0, 0, 0, 0, 0, 2]
[1, 0, 0, 0, 0, 0, 0, 2]
[1, 0, 0, 0, 0, 0, 0, 2]
[1, 1, 1, 1, 1, 1, 1, 2]
---------------Fichas meta negra: 0------------------------------Fichas meta roja: 0----------------
Posibilidades para el movimiento 7
[1, 2, 2, 2, 2, 2, 2, 2]
[1, 0, 0, 0, 2, 0, 0, 0]
[1, 0, 0, 0, 0, 0, 0, 2]
[1, 0, 0, 0, 0, 0, 0, 2]
[1, 0, 0, 0, 0, 0, 0, 2]
[1, 1, 1, 1, 1, 1, 1, 2]
---------------Fichas meta negra: 0------------------------------Fichas meta roja: 0----------------
Posibilidades para el movimiento 7
[1, 2, 2, 2, 2, 2, 2, 2]
[1, 0, 0, 0, 0, 2, 2, 0]
[1, 0, 0, 0, 0, 0, 0, 0]
[1, 0, 0, 0, 0, 0, 0, 2]
[1, 0, 0, 0, 0, 0, 0, 2]
[1, 1, 1, 1, 1, 1, 1, 2]
---------------Fichas meta negra: 0------------------------------Fichas meta roja: 0----------------
Posibilidades para el movimiento 7
[1, 2, 2, 2, 2, 2, 2, 2]
[1, 0, 0, 0, 0, 2, 2, 0]
[1, 0, 0, 0, 0, 0, 0, 2]
[1, 0, 0, 0, 0, 0, 0, 0]
[1, 0, 0, 0, 0, 0, 0, 2]
[1, 1, 1, 1, 1, 1, 1, 2]
---------------Fichas meta negra: 0------------------------------Fichas meta roja: 0----------------
Posibilidades para el movimiento 7
[1, 2, 2, 2, 2, 2, 2, 2]
[1, 0, 0, 0, 0, 2, 2, 0]
[1, 0, 0, 0, 0, 0, 0, 2]
[1, 0, 0, 0, 0, 0, 0, 2]
[1, 0, 0, 0, 0, 0, 0, 0]
[1, 1, 1, 1, 1, 1, 1, 2]
---------------Fichas meta negra: 0------------------------------Fichas meta roja: 0----------------
Posibilidades para el movimiento 7
[1, 2, 2, 2, 2, 2, 2, 2]
[1, 0, 0, 0, 0, 2, 2, 0]
[1, 0, 0, 0, 0, 0, 0, 2]
[1, 0, 0, 0, 0, 0, 0, 2]
[1, 0, 0, 0, 0, 0, 0, 2]
[1, 1, 1, 1, 1, 1, 1, 0]
---------------Fichas meta negra: 0------------------------------Fichas meta roja: 0----------------


Posibilidades para el movimiento 8
[1, 0, 2, 2, 2, 2, 2, 2]
[1, 0, 0, 0, 0, 0, 2, 2]
[1, 0, 0, 0, 0, 0, 0, 0]
[1, 0, 0, 0, 0, 0, 0, 2]
[1, 0, 0, 0, 0, 0, 0, 2]
[1, 1, 1, 1, 1, 1, 1, 2]
---------------Fichas meta negra: 1------------------------------Fichas meta roja: 0----------------
Posibilidades para el movimiento 8
[1, 2, 0, 2, 2, 2, 2, 2]
[1, 0, 0, 0, 0, 0, 2, 2]
[1, 0, 0, 0, 0, 0, 0, 0]
[1, 0, 0, 0, 0, 0, 0, 2]
[1, 0, 0, 0, 0, 0, 0, 2]
[1, 1, 1, 1, 1, 1, 1, 2]
---------------Fichas meta negra: 1------------------------------Fichas meta roja: 0----------------
Posibilidades para el movimiento 8
[1, 2, 2, 0, 2, 2, 2, 2]
[1, 2, 0, 0, 0, 0, 2, 2]
[1, 0, 0, 0, 0, 0, 0, 0]
[1, 0, 0, 0, 0, 0, 0, 2]
[1, 0, 0, 0, 0, 0, 0, 2]
[1, 1, 1, 1, 1, 1, 1, 2]
---------------Fichas meta negra: 0------------------------------Fichas meta roja: 0----------------
Posibilidades para el movimiento 8
[1, 2, 2, 2, 0, 2, 2, 2]
[1, 0, 2, 0, 0, 0, 2, 2]
[1, 0, 0, 0, 0, 0, 0, 0]
[1, 0, 0, 0, 0, 0, 0, 2]
[1, 0, 0, 0, 0, 0, 0, 2]
[1, 1, 1, 1, 1, 1, 1, 2]
---------------Fichas meta negra: 0------------------------------Fichas meta roja: 0----------------
Posibilidades para el movimiento 8
[1, 2, 2, 2, 2, 0, 2, 2]
[1, 0, 0, 2, 0, 0, 2, 2]
[1, 0, 0, 0, 0, 0, 0, 0]
[1, 0, 0, 0, 0, 0, 0, 2]
[1, 0, 0, 0, 0, 0, 0, 2]
[1, 1, 1, 1, 1, 1, 1, 2]
---------------Fichas meta negra: 0------------------------------Fichas meta roja: 0----------------
Posibilidades para el movimiento 8
[1, 2, 2, 2, 2, 2, 0, 2]
[1, 0, 0, 0, 2, 0, 2, 2]
[1, 0, 0, 0, 0, 0, 0, 0]
[1, 0, 0, 0, 0, 0, 0, 2]
[1, 0, 0, 0, 0, 0, 0, 2]
[1, 1, 1, 1, 1, 1, 1, 2]
---------------Fichas meta negra: 0------------------------------Fichas meta roja: 0----------------
Posibilidades para el movimiento 8
[1, 2, 2, 2, 2, 2, 2, 0]
[1, 0, 0, 0, 0, 2, 2, 2]
[1, 0, 0, 0, 0, 0, 0, 0]
[1, 0, 0, 0, 0, 0, 0, 2]
[1, 0, 0, 0, 0, 0, 0, 2]
[1, 1, 1, 1, 1, 1, 1, 2]
---------------Fichas meta negra: 0------------------------------Fichas meta roja: 0----------------
Posibilidades para el movimiento 8
[1, 2, 2, 2, 2, 2, 2, 2]
[1, 0, 0, 0, 2, 0, 0, 2]
[1, 0, 0, 0, 0, 0, 0, 0]
[1, 0, 0, 0, 0, 0, 0, 2]
[1, 0, 0, 0, 0, 0, 0, 2]
[1, 1, 1, 1, 1, 1, 1, 2]
---------------Fichas meta negra: 0------------------------------Fichas meta roja: 0----------------
Posibilidades para el movimiento 8
[1, 2, 2, 2, 2, 2, 2, 2]
[1, 0, 0, 0, 0, 2, 2, 0]
[1, 0, 0, 0, 0, 0, 0, 0]
[1, 0, 0, 0, 0, 0, 0, 2]
[1, 0, 0, 0, 0, 0, 0, 2]
[1, 1, 1, 1, 1, 1, 1, 2]
---------------Fichas meta negra: 0------------------------------Fichas meta roja: 0----------------
Posibilidades para el movimiento 8
[1, 2, 2, 2, 2, 2, 2, 2]
[1, 0, 0, 0, 0, 2, 2, 2]
[1, 0, 0, 0, 0, 0, 0, 0]
[1, 0, 0, 0, 0, 0, 0, 0]
[1, 0, 0, 0, 0, 0, 0, 2]
[1, 1, 1, 1, 1, 1, 1, 2]
---------------Fichas meta negra: 0------------------------------Fichas meta roja: 0----------------
Posibilidades para el movimiento 8
[1, 2, 2, 2, 2, 2, 2, 2]
[1, 0, 0, 0, 0, 2, 2, 2]
[1, 0, 0, 0, 0, 0, 0, 0]
[1, 0, 0, 0, 0, 0, 0, 2]
[1, 0, 0, 0, 0, 0, 0, 0]
[1, 1, 1, 1, 1, 1, 1, 2]
---------------Fichas meta negra: 0------------------------------Fichas meta roja: 0----------------
Posibilidades para el movimiento 8
[1, 2, 2, 2, 2, 2, 2, 2]
[1, 0, 0, 0, 0, 2, 2, 2]
[1, 0, 0, 0, 0, 0, 0, 0]
[1, 0, 0, 0, 0, 0, 0, 2]
[1, 0, 0, 0, 0, 0, 0, 2]
[1, 1, 1, 1, 1, 1, 1, 0]
---------------Fichas meta negra: 0------------------------------Fichas meta roja: 0----------------


Posibilidades para el movimiento 9
[1, 0, 2, 2, 2, 2, 2, 2]
[1, 0, 0, 0, 0, 0, 2, 2]
[1, 0, 0, 0, 0, 0, 0, 2]
[1, 0, 0, 0, 0, 0, 0, 0]
[1, 0, 0, 0, 0, 0, 0, 2]
[1, 1, 1, 1, 1, 1, 1, 2]
---------------Fichas meta negra: 1------------------------------Fichas meta roja: 0----------------
Posibilidades para el movimiento 9
[1, 2, 0, 2, 2, 2, 2, 2]
[1, 0, 0, 0, 0, 0, 2, 2]
[1, 0, 0, 0, 0, 0, 0, 2]
[1, 0, 0, 0, 0, 0, 0, 0]
[1, 0, 0, 0, 0, 0, 0, 2]
[1, 1, 1, 1, 1, 1, 1, 2]
---------------Fichas meta negra: 1------------------------------Fichas meta roja: 0----------------
Posibilidades para el movimiento 9
[1, 2, 2, 0, 2, 2, 2, 2]
[1, 2, 0, 0, 0, 0, 2, 2]
[1, 0, 0, 0, 0, 0, 0, 2]
[1, 0, 0, 0, 0, 0, 0, 0]
[1, 0, 0, 0, 0, 0, 0, 2]
[1, 1, 1, 1, 1, 1, 1, 2]
---------------Fichas meta negra: 0------------------------------Fichas meta roja: 0----------------
Posibilidades para el movimiento 9
[1, 2, 2, 2, 0, 2, 2, 2]
[1, 0, 2, 0, 0, 0, 2, 2]
[1, 0, 0, 0, 0, 0, 0, 2]
[1, 0, 0, 0, 0, 0, 0, 0]
[1, 0, 0, 0, 0, 0, 0, 2]
[1, 1, 1, 1, 1, 1, 1, 2]
---------------Fichas meta negra: 0------------------------------Fichas meta roja: 0----------------
Posibilidades para el movimiento 9
[1, 2, 2, 2, 2, 0, 2, 2]
[1, 0, 0, 2, 0, 0, 2, 2]
[1, 0, 0, 0, 0, 0, 0, 2]
[1, 0, 0, 0, 0, 0, 0, 0]
[1, 0, 0, 0, 0, 0, 0, 2]
[1, 1, 1, 1, 1, 1, 1, 2]
---------------Fichas meta negra: 0------------------------------Fichas meta roja: 0----------------
Posibilidades para el movimiento 9
[1, 2, 2, 2, 2, 2, 0, 2]
[1, 0, 0, 0, 2, 0, 2, 2]
[1, 0, 0, 0, 0, 0, 0, 2]
[1, 0, 0, 0, 0, 0, 0, 0]
[1, 0, 0, 0, 0, 0, 0, 2]
[1, 1, 1, 1, 1, 1, 1, 2]
---------------Fichas meta negra: 0------------------------------Fichas meta roja: 0----------------
Posibilidades para el movimiento 9
[1, 2, 2, 2, 2, 2, 2, 0]
[1, 0, 0, 0, 0, 2, 2, 2]
[1, 0, 0, 0, 0, 0, 0, 2]
[1, 0, 0, 0, 0, 0, 0, 0]
[1, 0, 0, 0, 0, 0, 0, 2]
[1, 1, 1, 1, 1, 1, 1, 2]
---------------Fichas meta negra: 0------------------------------Fichas meta roja: 0----------------
Posibilidades para el movimiento 9
[1, 2, 2, 2, 2, 2, 2, 2]
[1, 0, 0, 0, 2, 0, 0, 2]
[1, 0, 0, 0, 0, 0, 0, 2]
[1, 0, 0, 0, 0, 0, 0, 0]
[1, 0, 0, 0, 0, 0, 0, 2]
[1, 1, 1, 1, 1, 1, 1, 2]
---------------Fichas meta negra: 0------------------------------Fichas meta roja: 0----------------
Posibilidades para el movimiento 9
[1, 2, 2, 2, 2, 2, 2, 2]
[1, 0, 0, 0, 0, 2, 2, 0]
[1, 0, 0, 0, 0, 0, 0, 2]
[1, 0, 0, 0, 0, 0, 0, 0]
[1, 0, 0, 0, 0, 0, 0, 2]
[1, 1, 1, 1, 1, 1, 1, 2]
---------------Fichas meta negra: 0------------------------------Fichas meta roja: 0----------------
Posibilidades para el movimiento 9
[1, 2, 2, 2, 2, 2, 2, 2]
[1, 0, 0, 0, 0, 2, 2, 2]
[1, 0, 0, 0, 0, 0, 0, 0]
[1, 0, 0, 0, 0, 0, 0, 0]
[1, 0, 0, 0, 0, 0, 0, 2]
[1, 1, 1, 1, 1, 1, 1, 2]
---------------Fichas meta negra: 0------------------------------Fichas meta roja: 0----------------
Posibilidades para el movimiento 9
[1, 2, 2, 2, 2, 2, 2, 2]
[1, 0, 0, 0, 0, 2, 2, 2]
[1, 0, 0, 0, 0, 0, 0, 2]
[1, 0, 0, 0, 0, 0, 0, 0]
[1, 0, 0, 0, 0, 0, 0, 0]
[1, 1, 1, 1, 1, 1, 1, 2]
---------------Fichas meta negra: 0------------------------------Fichas meta roja: 0----------------
Posibilidades para el movimiento 9
[1, 2, 2, 2, 2, 2, 2, 2]
[1, 0, 0, 0, 0, 2, 2, 2]
[1, 0, 0, 0, 0, 0, 0, 2]
[1, 0, 0, 0, 0, 0, 0, 0]
[1, 0, 0, 0, 0, 0, 0, 2]
[1, 1, 1, 1, 1, 1, 1, 0]
---------------Fichas meta negra: 0------------------------------Fichas meta roja: 0----------------


Posibilidades para el movimiento 10
[1, 0, 2, 2, 2, 2, 2, 2]
[1, 0, 0, 0, 0, 0, 2, 2]
[1, 0, 0, 0, 0, 0, 0, 2]
[1, 0, 0, 0, 0, 0, 0, 2]
[1, 0, 0, 0, 0, 0, 0, 0]
[1, 1, 1, 1, 1, 1, 1, 2]
---------------Fichas meta negra: 1------------------------------Fichas meta roja: 0----------------
Posibilidades para el movimiento 10
[1, 2, 0, 2, 2, 2, 2, 2]
[1, 0, 0, 0, 0, 0, 2, 2]
[1, 0, 0, 0, 0, 0, 0, 2]
[1, 0, 0, 0, 0, 0, 0, 2]
[1, 0, 0, 0, 0, 0, 0, 0]
[1, 1, 1, 1, 1, 1, 1, 2]
---------------Fichas meta negra: 1------------------------------Fichas meta roja: 0----------------
Posibilidades para el movimiento 10
[1, 2, 2, 0, 2, 2, 2, 2]
[1, 2, 0, 0, 0, 0, 2, 2]
[1, 0, 0, 0, 0, 0, 0, 2]
[1, 0, 0, 0, 0, 0, 0, 2]
[1, 0, 0, 0, 0, 0, 0, 0]
[1, 1, 1, 1, 1, 1, 1, 2]
---------------Fichas meta negra: 0------------------------------Fichas meta roja: 0----------------
Posibilidades para el movimiento 10
[1, 2, 2, 2, 0, 2, 2, 2]
[1, 0, 2, 0, 0, 0, 2, 2]
[1, 0, 0, 0, 0, 0, 0, 2]
[1, 0, 0, 0, 0, 0, 0, 2]
[1, 0, 0, 0, 0, 0, 0, 0]
[1, 1, 1, 1, 1, 1, 1, 2]
---------------Fichas meta negra: 0------------------------------Fichas meta roja: 0----------------
Posibilidades para el movimiento 10
[1, 2, 2, 2, 2, 0, 2, 2]
[1, 0, 0, 2, 0, 0, 2, 2]
[1, 0, 0, 0, 0, 0, 0, 2]
[1, 0, 0, 0, 0, 0, 0, 2]
[1, 0, 0, 0, 0, 0, 0, 0]
[1, 1, 1, 1, 1, 1, 1, 2]
---------------Fichas meta negra: 0------------------------------Fichas meta roja: 0----------------
Posibilidades para el movimiento 10
[1, 2, 2, 2, 2, 2, 0, 2]
[1, 0, 0, 0, 2, 0, 2, 2]
[1, 0, 0, 0, 0, 0, 0, 2]
[1, 0, 0, 0, 0, 0, 0, 2]
[1, 0, 0, 0, 0, 0, 0, 0]
[1, 1, 1, 1, 1, 1, 1, 2]
---------------Fichas meta negra: 0------------------------------Fichas meta roja: 0----------------
Posibilidades para el movimiento 10
[1, 2, 2, 2, 2, 2, 2, 0]
[1, 0, 0, 0, 0, 2, 2, 2]
[1, 0, 0, 0, 0, 0, 0, 2]
[1, 0, 0, 0, 0, 0, 0, 2]
[1, 0, 0, 0, 0, 0, 0, 0]
[1, 1, 1, 1, 1, 1, 1, 2]
---------------Fichas meta negra: 0------------------------------Fichas meta roja: 0----------------
Posibilidades para el movimiento 10
[1, 2, 2, 2, 2, 2, 2, 2]
[1, 0, 0, 0, 2, 0, 0, 2]
[1, 0, 0, 0, 0, 0, 0, 2]
[1, 0, 0, 0, 0, 0, 0, 2]
[1, 0, 0, 0, 0, 0, 0, 0]
[1, 1, 1, 1, 1, 1, 1, 2]
---------------Fichas meta negra: 0------------------------------Fichas meta roja: 0----------------
Posibilidades para el movimiento 10
[1, 2, 2, 2, 2, 2, 2, 2]
[1, 0, 0, 0, 0, 2, 2, 0]
[1, 0, 0, 0, 0, 0, 0, 2]
[1, 0, 0, 0, 0, 0, 0, 2]
[1, 0, 0, 0, 0, 0, 0, 0]
[1, 1, 1, 1, 1, 1, 1, 2]
---------------Fichas meta negra: 0------------------------------Fichas meta roja: 0----------------
Posibilidades para el movimiento 10
[1, 2, 2, 2, 2, 2, 2, 2]
[1, 0, 0, 0, 0, 2, 2, 2]
[1, 0, 0, 0, 0, 0, 0, 0]
[1, 0, 0, 0, 0, 0, 0, 2]
[1, 0, 0, 0, 0, 0, 0, 0]
[1, 1, 1, 1, 1, 1, 1, 2]
---------------Fichas meta negra: 0------------------------------Fichas meta roja: 0----------------
Posibilidades para el movimiento 10
[1, 2, 2, 2, 2, 2, 2, 2]
[1, 0, 0, 0, 0, 2, 2, 2]
[1, 0, 0, 0, 0, 0, 0, 2]
[1, 0, 0, 0, 0, 0, 0, 0]
[1, 0, 0, 0, 0, 0, 0, 0]
[1, 1, 1, 1, 1, 1, 1, 2]
---------------Fichas meta negra: 0------------------------------Fichas meta roja: 0----------------
Posibilidades para el movimiento 10
[1, 2, 2, 2, 2, 2, 2, 2]
[1, 0, 0, 0, 0, 2, 2, 2]
[1, 0, 0, 0, 0, 0, 0, 2]
[1, 0, 0, 0, 0, 0, 0, 2]
[1, 0, 0, 0, 0, 0, 0, 0]
[1, 1, 1, 1, 1, 1, 1, 0]
---------------Fichas meta negra: 0------------------------------Fichas meta roja: 0----------------


Posibilidades para el movimiento 11
[1, 0, 2, 2, 2, 2, 2, 2]
[1, 0, 0, 0, 0, 0, 2, 2]
[1, 0, 0, 0, 0, 0, 0, 2]
[1, 0, 0, 0, 0, 0, 0, 2]
[1, 0, 0, 0, 0, 0, 0, 2]
[1, 1, 1, 1, 1, 1, 1, 0]
---------------Fichas meta negra: 1------------------------------Fichas meta roja: 0----------------
Posibilidades para el movimiento 11
[1, 2, 0, 2, 2, 2, 2, 2]
[1, 0, 0, 0, 0, 0, 2, 2]
[1, 0, 0, 0, 0, 0, 0, 2]
[1, 0, 0, 0, 0, 0, 0, 2]
[1, 0, 0, 0, 0, 0, 0, 2]
[1, 1, 1, 1, 1, 1, 1, 0]
---------------Fichas meta negra: 1------------------------------Fichas meta roja: 0----------------
Posibilidades para el movimiento 11
[1, 2, 2, 0, 2, 2, 2, 2]
[1, 2, 0, 0, 0, 0, 2, 2]
[1, 0, 0, 0, 0, 0, 0, 2]
[1, 0, 0, 0, 0, 0, 0, 2]
[1, 0, 0, 0, 0, 0, 0, 2]
[1, 1, 1, 1, 1, 1, 1, 0]
---------------Fichas meta negra: 0------------------------------Fichas meta roja: 0----------------
Posibilidades para el movimiento 11
[1, 2, 2, 2, 0, 2, 2, 2]
[1, 0, 2, 0, 0, 0, 2, 2]
[1, 0, 0, 0, 0, 0, 0, 2]
[1, 0, 0, 0, 0, 0, 0, 2]
[1, 0, 0, 0, 0, 0, 0, 2]
[1, 1, 1, 1, 1, 1, 1, 0]
---------------Fichas meta negra: 0------------------------------Fichas meta roja: 0----------------
Posibilidades para el movimiento 11
[1, 2, 2, 2, 2, 0, 2, 2]
[1, 0, 0, 2, 0, 0, 2, 2]
[1, 0, 0, 0, 0, 0, 0, 2]
[1, 0, 0, 0, 0, 0, 0, 2]
[1, 0, 0, 0, 0, 0, 0, 2]
[1, 1, 1, 1, 1, 1, 1, 0]
---------------Fichas meta negra: 0------------------------------Fichas meta roja: 0----------------
Posibilidades para el movimiento 11
[1, 2, 2, 2, 2, 2, 0, 2]
[1, 0, 0, 0, 2, 0, 2, 2]
[1, 0, 0, 0, 0, 0, 0, 2]
[1, 0, 0, 0, 0, 0, 0, 2]
[1, 0, 0, 0, 0, 0, 0, 2]
[1, 1, 1, 1, 1, 1, 1, 0]
---------------Fichas meta negra: 0------------------------------Fichas meta roja: 0----------------
Posibilidades para el movimiento 11
[1, 2, 2, 2, 2, 2, 2, 0]
[1, 0, 0, 0, 0, 2, 2, 2]
[1, 0, 0, 0, 0, 0, 0, 2]
[1, 0, 0, 0, 0, 0, 0, 2]
[1, 0, 0, 0, 0, 0, 0, 2]
[1, 1, 1, 1, 1, 1, 1, 0]
---------------Fichas meta negra: 0------------------------------Fichas meta roja: 0----------------
Posibilidades para el movimiento 11
[1, 2, 2, 2, 2, 2, 2, 2]
[1, 0, 0, 0, 2, 0, 0, 2]
[1, 0, 0, 0, 0, 0, 0, 2]
[1, 0, 0, 0, 0, 0, 0, 2]
[1, 0, 0, 0, 0, 0, 0, 2]
[1, 1, 1, 1, 1, 1, 1, 0]
---------------Fichas meta negra: 0------------------------------Fichas meta roja: 0----------------
Posibilidades para el movimiento 11
[1, 2, 2, 2, 2, 2, 2, 2]
[1, 0, 0, 0, 0, 2, 2, 0]
[1, 0, 0, 0, 0, 0, 0, 2]
[1, 0, 0, 0, 0, 0, 0, 2]
[1, 0, 0, 0, 0, 0, 0, 2]
[1, 1, 1, 1, 1, 1, 1, 0]
---------------Fichas meta negra: 0------------------------------Fichas meta roja: 0----------------
Posibilidades para el movimiento 11
[1, 2, 2, 2, 2, 2, 2, 2]
[1, 0, 0, 0, 0, 2, 2, 2]
[1, 0, 0, 0, 0, 0, 0, 0]
[1, 0, 0, 0, 0, 0, 0, 2]
[1, 0, 0, 0, 0, 0, 0, 2]
[1, 1, 1, 1, 1, 1, 1, 0]
---------------Fichas meta negra: 0------------------------------Fichas meta roja: 0----------------
Posibilidades para el movimiento 11
[1, 2, 2, 2, 2, 2, 2, 2]
[1, 0, 0, 0, 0, 2, 2, 2]
[1, 0, 0, 0, 0, 0, 0, 2]
[1, 0, 0, 0, 0, 0, 0, 0]
[1, 0, 0, 0, 0, 0, 0, 2]
[1, 1, 1, 1, 1, 1, 1, 0]
---------------Fichas meta negra: 0------------------------------Fichas meta roja: 0----------------
Posibilidades para el movimiento 11
[1, 2, 2, 2, 2, 2, 2, 2]
[1, 0, 0, 0, 0, 2, 2, 2]
[1, 0, 0, 0, 0, 0, 0, 2]
[1, 0, 0, 0, 0, 0, 0, 2]
[1, 0, 0, 0, 0, 0, 0, 0]
[1, 1, 1, 1, 1, 1, 1, 0]
---------------Fichas meta negra: 0------------------------------Fichas meta roja: 0----------------

	
[1, 2, 0, 0, 2, 2, 2, 2], 
[1, 2, 0, 0, 0, 0, 0, 2], 
[1, 2, 0, 0, 0, 0, 0, 2], 
[1, 0, 0, 0, 0, 0, 0, 2], 
[1, 0, 0, 0, 0, 0, 0, 2], 
[1, 1, 1, 1, 1, 1, 1, 2]




[1, 2, 0, 0, 2, 2, 2, 2], 
[1, 2, 0, 0, 0, 0, 0, 2], 
[1, 2, 0, 0, 0, 0, 0, 2], 
[1, 0, 0, 0, 0, 0, 0, 2], 
[1, 0, 0, 0, 0, 0, 0, 2], 
[1, 1, 1, 1, 1, 1, 1, 2]



[1, 2, 0, 0, 2, 2, 2, 2], 
[1, 2, 0, 0, 0, 0, 0, 2], 
[1, 2, 0, 0, 0, 0, 0, 2], 
[1, 0, 0, 0, 0, 0, 0, 2], 
[1, 0, 0, 0, 0, 0, 0, 2], 
[1, 1, 1, 1, 1, 1, 1, 2]


